Casal2
Call: casal2 -e 
Date: Mon Jun 05 13:02:22 2023
Seed: 95342
Version: v22.10 (2022-10-09)
Copyright (c) 2017-2022, NIWA (www.niwa.co.nz)
Environment: User=doug.kinzey Machine=SWC-DKINZEY-D OS=Windows_NT PID=20744


*initialisation_partition[Equilibrium_state]
values {dataframe_with_row_labels}
category 1 2 3 4 5 6
KRILL 0.000000 5440245862163.892578 2001354607608.104980 736257214632.760986 270853892677.542969 157630656503.214508
*end

*estimate_value[summary]
values {dataframe}
process[Recruitment].b0 selectivity[krillFSel].a50 selectivity[krillFSel].ato95 selectivity[trawlSel].a50 selectivity[trawlSel].ato95 selectivity[AMLR_Sel].a50 selectivity[AMLR_Sel].ato95 selectivity[FbiomSel].a50 selectivity[FbiomSel].ato95 process[Recruitment].recruitment_multipliers{1976} process[Recruitment].recruitment_multipliers{1977} process[Recruitment].recruitment_multipliers{1978} process[Recruitment].recruitment_multipliers{1979} process[Recruitment].recruitment_multipliers{1980} process[Recruitment].recruitment_multipliers{1981} process[Recruitment].recruitment_multipliers{1982} process[Recruitment].recruitment_multipliers{1983} process[Recruitment].recruitment_multipliers{1984} process[Recruitment].recruitment_multipliers{1985} process[Recruitment].recruitment_multipliers{1986} process[Recruitment].recruitment_multipliers{1987} process[Recruitment].recruitment_multipliers{1988} process[Recruitment].recruitment_multipliers{1989} process[Recruitment].recruitment_multipliers{1990} process[Recruitment].recruitment_multipliers{1991} process[Recruitment].recruitment_multipliers{1992} process[Recruitment].recruitment_multipliers{1993} process[Recruitment].recruitment_multipliers{1994} process[Recruitment].recruitment_multipliers{1995} process[Recruitment].recruitment_multipliers{1996} process[Recruitment].recruitment_multipliers{1997} process[Recruitment].recruitment_multipliers{1998} process[Recruitment].recruitment_multipliers{1999} process[Recruitment].recruitment_multipliers{2000} process[Recruitment].recruitment_multipliers{2001} process[Recruitment].recruitment_multipliers{2002} process[Recruitment].recruitment_multipliers{2003} process[Recruitment].recruitment_multipliers{2004} process[Recruitment].recruitment_multipliers{2005} process[Recruitment].recruitment_multipliers{2006} process[Recruitment].recruitment_multipliers{2007} process[Recruitment].recruitment_multipliers{2008} process[Recruitment].recruitment_multipliers{2009} process[Recruitment].recruitment_multipliers{2010} process[Recruitment].recruitment_multipliers{2011} process[Recruitment].recruitment_multipliers{2012} process[Recruitment].recruitment_multipliers{2013} process[Recruitment].recruitment_multipliers{2014} process[Recruitment].recruitment_multipliers{2015} process[Recruitment].recruitment_multipliers{2016} process[Recruitment].recruitment_multipliers{2017} process[Recruitment].recruitment_multipliers{2018} process[Recruitment].recruitment_multipliers{2019} process[Recruitment].recruitment_multipliers{2020} process[Recruitment].recruitment_multipliers{2021} 
3.04166e+06 31.4829 2.50505e-05 48.7635 20.1566 1.97842e-12 2.6973e-07 0.359415 8.08339 0.934496 0.918584 0.985238 0.907277 0.957893 0.688406 0.84989 0.985507 1.36768 1.0866 0.841534 1.09307 1.05402 1.26045 0.808311 1.11347 1.64372 1.02792 0.789384 0.587812 1.52381 1.84611 0.988033 0.572735 0.409386 0.660321 1.76596 2.16837 0.754363 0.529362 0.571174 1.36237 1.44668 0.915495 0.711985 1.16144 0.811652 1.06251 1.60136 0.863251 0.89569 1.72311 0.726965 0.999226 0.984052 0.978215 
*end

*objective_function[objective]
values {vector}
observation->synop_biom->2000 -1.50447
observation->synop_biom->2019 -1.87213
observation->AMLRsrv->1996 0.575486
observation->AMLRsrv->1997 1.1066
observation->AMLRsrv->1998 0.284541
observation->AMLRsrv->1999 -0.140499
observation->AMLRsrv->2000 0.425989
observation->AMLRsrv->2001 -0.0839139
observation->AMLRsrv->2002 0.88143
observation->AMLRsrv->2003 -0.0590553
observation->AMLRsrv->2004 1.17847
observation->AMLRsrv->2005 0.0513528
observation->AMLRsrv->2006 -0.15684
observation->AMLRsrv->2007 0.914334
observation->AMLRsrv->2008 0.139887
observation->AMLRsrv->2009 -0.0843373
observation->AMLRsrv->2010 0.339587
observation->AMLRsrv->2011 0.127711
observation->FsrvBiomass->2014 -0.0807381
observation->FsrvBiomass->2015 0.0529431
observation->FsrvBiomass->2016 -0.161007
observation->FsrvBiomass->2018 -0.0398561
observation->FsrvBiomass->2019 0.106533
observation->FsrvBiomass->2020 0.657024
observation->ProportionAtLength_Fshry->2011 -1745.67
observation->ProportionAtLength_Fshry->2012 -1707.05
observation->ProportionAtLength_Fshry->2013 -1667.46
observation->ProportionAtLength_Fshry->2014 -1614.04
observation->ProportionAtLength_Fshry->2015 -1573.97
observation->ProportionAtLength_Fshry->2016 -1703.56
observation->ProportionAtLength_Fshry->2018 -1804.55
observation->ProportionAtLength_Fshry->2019 -1369.13
observation->ProportionAtLength_trawl->1991 1.82091
observation->ProportionAtLength_trawl->1992 -579.785
observation->ProportionAtLength_trawl->1993 -213.347
observation->ProportionAtLength_trawl->1994 -74.1226
observation->ProportionAtLength_trawl->1995 -286.96
observation->ProportionAtLength_trawl->1996 -465.897
observation->ProportionAtLength_trawl->1997 -610.461
observation->ProportionAtLength_trawl->1998 -310.263
observation->ProportionAtLength_trawl->1999 -81.6959
observation->ProportionAtLength_trawl->2000 257.983
observation->ProportionAtLength_trawl->2001 -444.665
observation->ProportionAtLength_trawl->2002 -266.064
observation->ProportionAtLength_trawl->2003 -430.809
observation->ProportionAtLength_trawl->2004 -260
observation->ProportionAtLength_trawl->2005 -117.614
observation->ProportionAtLength_trawl->2006 -427.989
observation->ProportionAtLength_trawl->2007 -464.861
observation->ProportionAtLength_trawl->2008 -518.246
observation->ProportionAtLength_trawl->2009 -475.371
observation->ProportionAtLength_trawl->2010 -325.058
observation->ProportionAtLength_trawl->2011 -574.933
observation->ProportionAtLength_German->1981 -267.713
observation->ProportionAtLength_German->1982 -685.674
observation->ProportionAtLength_German->1984 369.456
observation->ProportionAtLength_German->1985 -77.6638
observation->ProportionAtLength_German->1986 -294.493
observation->ProportionAtLength_German->1987 -391.041
penalty->CatchMustBeTaken1 0
prior->B0->process[Recruitment].b0 14.9279
prior->krillFSel_a50->selectivity[krillFSel].a50 0
prior->krillFSel_ato95->selectivity[krillFSel].ato95 0
prior->trawlSel_a50->selectivity[trawlSel].a50 0
prior->trawlSel_ato95->selectivity[trawlSel].ato95 0
prior->AMLR_Sel_a50->selectivity[AMLR_Sel].a50 0
prior->AMLR_Sel_ato95->selectivity[AMLR_Sel].ato95 0
prior->FbiomSel_a50->selectivity[FbiomSel].a50 0
prior->FbiomSel_ato95->selectivity[FbiomSel].ato95 0
prior->YCS->process[Recruitment].recruitment_multipliers{1976} 0.0746902
prior->YCS->process[Recruitment].recruitment_multipliers{1977} 0.148713
prior->YCS->process[Recruitment].recruitment_multipliers{1978} -0.0122485
prior->YCS->process[Recruitment].recruitment_multipliers{1979} 0.216032
prior->YCS->process[Recruitment].recruitment_multipliers{1980} 0.0075427
prior->YCS->process[Recruitment].recruitment_multipliers{1981} 4.74707
prior->YCS->process[Recruitment].recruitment_multipliers{1982} 0.764442
prior->YCS->process[Recruitment].recruitment_multipliers{1983} -0.0121451
prior->YCS->process[Recruitment].recruitment_multipliers{1984} 4.20247
prior->YCS->process[Recruitment].recruitment_multipliers{1985} 0.388722
prior->YCS->process[Recruitment].recruitment_multipliers{1986} 0.875656
prior->YCS->process[Recruitment].recruitment_multipliers{1987} 0.436537
prior->YCS->process[Recruitment].recruitment_multipliers{1988} 0.185919
prior->YCS->process[Recruitment].recruitment_multipliers{1989} 2.38779
prior->YCS->process[Recruitment].recruitment_multipliers{1990} 1.40591
prior->YCS->process[Recruitment].recruitment_multipliers{1991} 0.602505
prior->YCS->process[Recruitment].recruitment_multipliers{1992} 10.1461
prior->YCS->process[Recruitment].recruitment_multipliers{1993} 0.0717998
prior->YCS->process[Recruitment].recruitment_multipliers{1994} 1.77553
prior->YCS->process[Recruitment].recruitment_multipliers{1995} 9.94921
prior->YCS->process[Recruitment].recruitment_multipliers{1996} 7.38555
prior->YCS->process[Recruitment].recruitment_multipliers{1997} 15.2256
prior->YCS->process[Recruitment].recruitment_multipliers{1998} -0.0109003
prior->YCS->process[Recruitment].recruitment_multipliers{1999} 10.9868
prior->YCS->process[Recruitment].recruitment_multipliers{2000} 29.0168
prior->YCS->process[Recruitment].recruitment_multipliers{2001} 5.93431
prior->YCS->process[Recruitment].recruitment_multipliers{2002} 13.1628
prior->YCS->process[Recruitment].recruitment_multipliers{2003} 23.9599
prior->YCS->process[Recruitment].recruitment_multipliers{2004} 2.60269
prior->YCS->process[Recruitment].recruitment_multipliers{2005} 14.4452
prior->YCS->process[Recruitment].recruitment_multipliers{2006} 11.0987
prior->YCS->process[Recruitment].recruitment_multipliers{2007} 4.10452
prior->YCS->process[Recruitment].recruitment_multipliers{2008} 5.74503
prior->YCS->process[Recruitment].recruitment_multipliers{2009} 0.165868
prior->YCS->process[Recruitment].recruitment_multipliers{2010} 3.88366
prior->YCS->process[Recruitment].recruitment_multipliers{2011} 1.07851
prior->YCS->process[Recruitment].recruitment_multipliers{2012} 1.34593
prior->YCS->process[Recruitment].recruitment_multipliers{2013} 0.232531
prior->YCS->process[Recruitment].recruitment_multipliers{2014} 9.14517
prior->YCS->process[Recruitment].recruitment_multipliers{2015} 0.603994
prior->YCS->process[Recruitment].recruitment_multipliers{2016} 0.298234
prior->YCS->process[Recruitment].recruitment_multipliers{2017} 12.0855
prior->YCS->process[Recruitment].recruitment_multipliers{2018} 3.39302
prior->YCS->process[Recruitment].recruitment_multipliers{2019} 0.000502939
prior->YCS->process[Recruitment].recruitment_multipliers{2020} -0.0126366
prior->YCS->process[Recruitment].recruitment_multipliers{2021} -0.0129338
additional_prior->YCS_average_1 0.0825484
additional_prior->smooth_YCS 13.4644
additional_prior->synop_biomass_q 1.57844e-10
additional_prior->AMLR_q 4.9297
additional_prior->FsrvBiomass_q 0.824571
total_score -20949.8
*end

*hessian_matrix[Hessian]
hessian_matrix {matrix}
1.23942e-11 4.16852e-06 -0.00098133 -6.06838e-07 6.25915e-07 -0.424985 -4.24832e-05 -3.77793e-07 -1.13149e-07 -1.01814e-05 -6.66758e-06 -5.17126e-06 -7.33694e-06 -6.07943e-06 -2.92678e-06 -2.43964e-06 1.65124e-06 3.76742e-06 4.69478e-06 3.24863e-06 1.71396e-06 7.06771e-07 -1.70104e-06 7.34235e-07 1.54315e-06 7.44757e-07 1.83845e-06 3.38995e-06 4.7655e-06 9.92884e-06 -5.02355e-06 -2.08172e-06 1.58712e-06 5.53303e-08 1.03044e-06 4.31168e-06 3.53238e-07 -5.2045e-07 6.2435e-08 -2.16852e-07 3.21651e-06 4.38844e-06 4.89339e-06 1.19983e-06 1.80423e-06 -5.34102e-06 -1.49495e-06 2.64477e-06 4.82748e-06 -1.38529e-06 7.61114e-06 3.76028e-06 7.79638e-06 -5.4854e-06 -1.59975e-07 
4.16852e-06 121.952 -13271.5 -4.43335 -9.55321 -1.39593e+07 49.6276 -27.5807 -1.12845 0.908098 0.908723 1.76196 1.14412 0.153085 -0.114168 0.552439 0.513961 0.604608 0.0147918 -0.411405 -0.139074 0.132775 -0.0296846 -0.484507 0.142818 -0.216237 -0.725181 -2.07904 -1.89111 -1.55117 -2.08486 -2.91047 -3.14053 -2.7553 -3.4004 -3.97094 -2.78944 -2.20198 -2.83248 -2.43661 -1.2775 0.00480827 -1.35908 -1.67625 0.00659156 0.835691 0.92773 -8.41362 1.1715 -0.110656 -20.2622 -4.96755 -5.07699 0.635259 0.62008 
-0.00098133 -13271.5 1.12028e+08 -1378.09 3691.05 3.74781e+09 241206 -3047.49 -386.818 -3080.52 -1230.16 2657.02 -1064.25 -855.807 -938.89 886.603 -131.143 432.365 1220.82 138.029 -853.853 1362.97 6632.43 -2396.85 -2293.25 2165.64 1221.87 -230.21 -961.51 3316.69 -1831.55 1717.63 1124.59 4490.2 8224.49 -3562.45 478.427 246.347 -967.818 469.029 -2189.32 4436.21 -4926.31 -2347.15 -1943.75 -175.7 -2073.36 -431.308 3081.97 3660.09 750.458 3116.61 388.251 -572.898 -697.108 
-6.06838e-07 -4.43335 -1378.09 6.46887 -8.2877 2.02147e+06 17.6568 -4.02066 -0.30397 -1.46342 3.33456 1.76239 6.51401 5.45339 4.23752 3.22754 2.24875 -0.949688 -2.72355 -2.1911 0.761559 4.85704 6.0451 0.815654 -1.8224 -0.400855 -1.95571 -6.72149 1.76868 3.14267 4.41037 1.08884 0.689137 -3.41011 -1.58549 3.26655 1.01549 -0.742384 -1.6354 -5.07938 -1.24563 -1.32437 1.34829 0.969435 -8.91523 1.11429 -0.366509 1.20482 5.29607 0.0712971 1.64659 -1.17809 -3.65436 5.1269 0.901146 
6.25915e-07 -9.55321 3691.05 -8.2877 18.072 4.79305e+06 72.6601 -8.45131 -0.903655 1.89583 -3.88694 -3.07493 -11.4988 -11.8345 -6.66472 -3.89494 -5.83338 -0.639184 3.18142 3.81463 0.528495 -6.79316 -10.6771 -4.63424 2.75777 1.4161 2.20132 7.54938 -3.05281 -4.54394 -5.66762 -2.61288 -3.17557 2.45181 2.37505 -2.75653 -0.863284 -1.47783 -1.26632 4.92856 0.967902 0.95967 -2.04573 -1.10289 17.464 -1.36779 0.593014 -0.781296 -9.80391 0.319824 -0.293581 2.16462 8.72898 -8.65196 -1.82475 
-0.424985 -1.39593e+07 3.74781e+09 2.02147e+06 4.79305e+06 4.48447e+14 6.07121e+07 -8.93701e+07 -1.94516e+06 -1.44179e+06 651849 -1.67405e+06 -1.21993e+06 -423758 311892 -667202 -661695 -119129 344621 -301610 -1.21526e+06 -1.41737e+06 -482503 -1.00817e+06 -1.25324e+06 648669 -1.00178e+06 -1.15766e+06 438965 437411 824673 439592 1.86669e+06 1.32701e+06 1.99134e+06 947962 351016 -772474 500169 -388399 649951 -75687.2 2.00368e+06 1.99903e+06 935104 55067.1 -1.55456e+06 -125973 -222580 2.25505e+06 1.07794e+06 -1.48331e+06 1.34876e+06 3.31538e+06 34824.1 
-4.24832e-05 49.6276 241206 17.6568 72.6601 6.07121e+07 551573 802.01 -5627.35 -92.0894 -98.5199 42.329 25.2137 22.5253 9.06603 70.194 136.57 155.632 64.2161 -7.45991 -96.0666 -152.345 -51.6272 -75.8432 -66.1233 -19.5768 165.249 228.73 101.033 76.4778 56.7766 -7.81808 -51.1032 -33.5298 -114.416 70.2523 -175.498 -60.4154 -92.3915 -77.6372 -148.03 -92.6731 -116.384 -9.71865 -119.296 19.6023 -70.5677 -118.057 -18.5699 -127.335 -112.294 40.906 237.973 135.465 191.983 
-3.77793e-07 -27.5807 -3047.49 -4.02066 -8.45131 -8.93701e+07 802.01 296.623 -3.50199 1.22082 -1.4541 0.452076 0.575823 -0.393412 -1.28404 0.788186 0.695892 -0.167685 -0.0187987 1.2659 1.91257 2.61632 0.410566 3.02595 4.00808 -0.249616 0.610374 -0.0458123 -1.47673 0.0983446 0.794437 2.01259 -1.42008 -0.59076 -0.536977 0.0121972 -0.0541321 2.16423 0.0437501 1.52763 -1.46731 2.03595 -2.12173 -3.66407 1.29609 0.412982 0.558896 5.76122 -1.93102 -1.90203 9.07126 4.35266 -2.49604 -2.22776 -0.518953 
-1.13149e-07 -1.12845 -386.818 -0.30397 -0.903655 -1.94516e+06 -5627.35 -3.50199 58.7833 3.60336 0.173839 0.1739 1.30462 1.22774 0.176302 0.0964183 -0.561807 -0.915623 -0.338006 1.04899 2.76433 1.87971 0.475803 0.799929 0.64182 -1.04888 0.415093 0.8476 -0.52899 -1.25064 -2.22583 -1.19987 -1.81299 -1.35062 -1.60036 0.26681 1.18164 1.3335 0.233251 0.783829 -0.493586 0.298694 -2.65076 -1.46462 -1.11018 2.51232 2.038 0.948917 2.03309 -2.78064 0.396854 1.79127 -0.686548 -8.15247 -1.34861 
-1.01814e-05 0.908098 -3080.52 -1.46342 1.89583 -1.44179e+06 -92.0894 1.22082 3.60336 392.816 6.58584 10.2127 -8.33323 -15.1382 -14.0332 -3.72412 10.331 18.8166 11.8434 -3.78198 -33.6186 -9.68814 14.0883 8.86779 2.20159 -14.54 2.37429 7.52747 -3.37067 -14.1463 -4.36632 -5.01801 -13.3419 -13.8221 -23.1891 -11.8988 -5.86118 0.943575 -6.1306 -2.60002 -4.24938 22.3596 2.63963 15.5307 -16.2724 -38.6549 -23.5186 -0.704705 1.92855 44.2203 -12.8599 39.9552 -2.71188 31.7794 19.6183 
-6.66758e-06 0.908723 -1230.16 3.33456 -3.88694 651849 -98.5199 -1.4541 0.173839 6.58584 379.554 -7.39018 -0.682158 -2.3752 6.33873 18.7138 20.0679 1.47431 -11.6694 -3.70485 25.4675 4.13387 -28.0778 -12.4314 -0.236942 10.4219 -2.50983 -9.93524 -3.08019 8.65498 -0.841765 7.11393 6.25217 8.90982 19.9973 10.567 -31.2587 -11.1086 -5.59603 -4.90458 8.74068 16.3353 3.1683 -57.2135 19.6486 7.285 -20.2507 -0.151271 21.133 8.89794 -5.59093 40.2549 8.02873 22.9558 1.60608 
-5.17126e-06 1.76196 2657.02 1.76239 -3.07493 -1.67405e+06 42.329 0.452076 0.1739 10.2127 -7.39018 362.71 -16.1441 2.85673 -3.54311 -8.76222 -13.9748 -3.77076 11.0769 21.4249 32.9314 9.65596 -6.45512 -1.07152 -0.327483 -9.72552 1.77834 5.77573 -2.67032 -10.0997 5.17392 1.91239 -3.58323 -1.17796 -5.7475 11.8136 -10.4694 0.0405491 -3.06264 1.36857 1.86564 -11.3244 6.19729 47.5247 36.8101 41.231 -37.6884 -3.43816 5.16565 23.22 -1.38098 21.9947 -5.16914 4.49268 -4.36621 
-7.33694e-06 1.14412 -1064.25 6.51401 -11.4988 -1.21993e+06 25.2137 0.575823 1.30462 -8.33323 -0.682158 -16.1441 436.657 -30.6496 -14.5132 -8.90104 -1.1891 8.49794 14.4867 11.9102 8.80622 9.27151 16.8785 -1.73841 -10.1713 -7.88438 -4.87518 0.472686 4.06427 7.99136 -1.33968 4.15601 10.0698 9.28141 15.0858 -12.4759 9.85895 2.04859 5.1298 4.72385 -5.66353 -5.85997 7.21906 9.62958 30.3639 9.63649 -24.0666 -0.208592 -5.05954 7.45169 0.386376 -5.7191 -4.52893 15.3356 3.54298 
-6.07943e-06 0.153085 -855.807 5.45339 -11.8345 -423758 22.5253 -0.393412 1.22774 -15.1382 -2.3752 2.85673 -30.6496 412.348 -16.2669 -8.96354 5.54158 11.2305 11.3766 7.52453 1.51748 11.9617 14.3586 9.76053 -0.531912 -13.1015 -10.7042 -2.84275 6.6903 14.8414 3.87422 1.00246 9.9461 6.02625 4.35182 -19.3942 12.5541 4.8234 8.89482 7.08971 -6.52735 2.36083 4.58279 -7.92355 23.3555 -1.01087 -18.2483 1.17047 0.726793 4.16189 1.15079 -10.4517 -3.7133 18.2591 3.87391 
-2.92678e-06 -0.114168 -938.89 4.23752 -6.66472 311892 9.06603 -1.28404 0.176302 -14.0332 6.33873 -3.54311 -14.5132 -16.2669 597.326 -8.53226 -1.30024 7.84686 7.95786 2.85732 3.06055 11.1498 13.1412 2.41209 1.54988 -9.10131 -6.98427 -10.6146 -10.4229 12.7544 11.4683 0.340482 -10.0077 -4.33359 -13.0622 -10.8281 10.0349 -3.36177 -10.7328 -8.70388 -0.0438082 7.29567 0.167461 3.92204 14.3295 -4.44152 -9.44868 2.61831 8.96583 5.56555 3.04187 -11.3252 -3.44518 9.4013 -1.98445 
-2.43964e-06 0.552439 886.603 3.22754 -3.89494 -667202 70.194 0.788186 0.0964183 -3.72412 18.7138 -8.76222 -8.90104 -8.96354 -8.53226 483.125 -17.3276 -7.36925 2.38925 4.16931 0.0678989 4.82893 11.17 5.88327 -3.27311 -12.3004 -3.26595 4.55009 6.34065 0.637197 10.084 -3.38096 2.90084 0.443981 -11.2096 -2.48056 9.56536 1.1338 1.9751 0.926989 0.713375 14.4669 -11.7511 20.1133 12.8888 -7.36995 1.64917 2.00184 9.8334 14.0162 4.5118 -17.514 2.55786 -6.69444 -17.203 
1.65124e-06 0.513961 -131.143 2.24875 -5.83338 -661695 136.57 0.695892 -0.561807 10.331 20.0679 -13.9748 -1.1891 5.54158 -1.30024 -17.3276 405.752 -23.198 -7.11395 0.834755 5.49337 2.12543 11.0356 -6.9989 -13.4318 -4.65347 0.298277 4.77999 2.49318 -5.20118 4.52769 2.22513 5.25024 5.63525 5.959 3.00552 5.28174 -1.1033 1.7128 1.49839 9.23806 15.5928 -8.79488 30.0175 10.3768 -4.55498 10.7458 2.53082 16.7847 24.522 7.05389 -19.1325 6.90208 -20.9361 -32.6167 
3.76742e-06 0.604608 432.365 -0.949688 -0.639184 -119129 155.632 -0.167685 -0.915623 18.8166 1.47431 -3.77076 8.49794 11.2305 7.84686 -7.36925 -23.198 287.116 -23.2593 -7.27447 6.1229 2.03823 -8.24623 -1.10723 -3.3448 -1.06791 -4.53535 0.140723 5.99079 0.942278 0.899284 6.51678 14.967 11.7012 15.982 1.7688 -3.47823 5.96597 14.241 13.931 20.1901 12.4562 13.2358 12.2178 3.50567 -0.112093 17.6772 4.15631 27.3487 27.6056 8.05009 -17.7453 12.1307 -20.8558 -42.0338 
4.69478e-06 0.0147918 1220.82 -2.72355 3.18142 344621 64.2161 -0.0187987 -0.338006 11.8434 -11.6694 11.0769 14.4867 11.3766 7.95786 2.38925 -7.11395 -23.2593 368.59 -21.0459 -4.73657 -4.74751 -17.3528 -6.84993 -0.840319 6.65641 -2.91588 -8.81264 -0.161524 7.88059 6.20402 1.58959 3.79021 2.02948 2.12407 -0.19372 -4.57904 -1.92393 2.27695 1.37023 26.4468 3.81815 26.7208 -5.86586 -6.86116 1.50968 19.4367 2.63754 24.3435 16.2047 5.9805 -4.69825 16.5856 -5.45163 -32.3515 
3.24863e-06 -0.411405 138.029 -2.1911 3.81463 -301610 -7.45991 1.2659 1.04899 -3.78198 -3.70485 21.4249 11.9102 7.52453 2.85732 4.16931 0.834755 -7.27447 -21.0459 478.217 -28.871 -21.8724 -12.6262 -16.7325 -7.97592 12.3911 1.85794 -6.80584 -5.4581 7.74371 3.64436 -6.74576 -9.06904 -3.03786 -8.38289 -6.1755 5.23123 -8.31282 -7.81091 -8.96111 20.8186 5.40202 18.654 -7.8833 -15.0502 10.2914 15.3651 -0.00580126 8.99545 11.2175 4.23571 2.27625 16.0515 10.0319 -15.8017 
1.71396e-06 -0.139074 -853.853 0.761559 0.528495 -1.21526e+06 -96.0666 1.91257 2.76433 -33.6186 25.4675 32.9314 8.80622 1.51748 3.06055 0.0678989 5.49337 6.1229 -4.73657 -28.871 311.548 -60.84 -19.8654 -10.9415 -9.39173 3.02502 8.76935 15.3807 11.155 2.07508 -12.6851 -12.5015 -2.45631 -6.44273 -11.806 -13.0879 14.7822 5.18171 7.41411 4.28714 3.15209 22.409 -0.0589013 11.7889 -25.0684 29.6864 11.3533 -0.109688 -17.083 11.0693 6.35894 4.27513 19.0441 34.23 3.42765 
7.06771e-07 0.132775 1362.97 4.85704 -6.79316 -1.41737e+06 -152.345 2.61632 1.87971 -9.68814 4.13387 9.65596 9.27151 11.9617 11.1498 4.82893 2.12543 2.03823 -4.74751 -21.8724 -60.84 341.367 -40.7187 -33.6333 -28.215 -0.200822 6.3275 12.4584 5.66504 -11.2185 -18.252 -11.2457 -1.53697 -0.30922 2.72678 13.6717 -0.91391 -3.37642 1.5741 -1.21964 3.02985 14.3229 -0.873534 11.3445 -8.81163 34.0958 10.7057 -1.96407 -19.9252 -5.19379 5.09603 -4.13748 26.404 33.5422 10.56 
-1.70104e-06 -0.0296846 6632.43 6.0451 -10.6771 -482503 -51.6272 0.410566 0.475803 14.0883 -28.0778 -6.45512 16.8785 14.3586 13.1412 11.17 11.0356 -8.24623 -17.3528 -12.6262 -19.8654 -40.7187 266.248 -11.6609 -0.175222 -25.7347 -18.3659 -11.5738 -4.79218 -9.66355 -15.0694 -11.3573 -2.98847 -6.64957 -13.1044 21.1154 -13.6072 10.7108 9.8057 13.0342 15.3439 2.61537 26.1646 -13.5538 3.17902 31.9151 7.70885 1.9197 3.62722 -13.5362 3.98104 -15.1014 26.9415 23.9754 8.41408 
7.34235e-07 -0.484507 -2396.85 0.815654 -4.63424 -1.00817e+06 -75.8432 3.02595 0.799929 8.86779 -12.4314 -1.07152 -1.73841 9.76053 2.41209 5.88327 -6.9989 -1.10723 -6.84993 -16.7325 -10.9415 -33.6333 -11.6609 461.363 -64.778 -6.73875 -8.43933 -13.6798 -19.6156 -9.99233 -14.3188 -6.15562 -12.1236 6.77232 19.6064 4.64834 -0.129794 -22.99 -18.8881 -20.2383 11.5352 1.06728 -1.50111 6.9856 7.27339 12.1281 12.2469 -3.58902 8.40284 -16.4906 -0.974733 -7.06099 24.3884 16.9699 4.82021 
1.54315e-06 0.142818 -2293.25 -1.8224 2.75777 -1.25324e+06 -66.1233 4.00808 0.64182 2.20159 -0.236942 -0.327483 -10.1713 -0.531912 1.54988 -3.27311 -13.4318 -3.3448 -0.840319 -7.97592 -9.39173 -28.215 -0.175222 -64.778 303.472 -35.657 -18.9612 -10.2161 -9.27884 -19.7089 -15.4201 -3.02344 1.26099 6.72358 25.586 -3.18683 1.77832 -15.6927 -6.59529 -10.1922 3.65412 3.54702 -14.4802 23.9663 13.5275 -6.14457 15.0335 -2.3887 18.5283 -26.035 -1.6858 -4.22751 30.6272 17.4649 5.89145 
7.44757e-07 -0.216237 2165.64 -0.400855 1.4161 648669 -19.5768 -0.249616 -1.04888 -14.54 10.4219 -9.72552 -7.88438 -13.1015 -9.10131 -12.3004 -4.65347 -1.06791 6.65641 12.3911 3.02502 -0.200822 -25.7347 -6.73875 -35.657 183.312 -52.6409 -29.5465 -11.2669 -21.2826 -4.47958 -3.55995 4.38483 -7.20201 -16.4686 -13.059 0.124112 14.65 14.5537 15.858 -3.22118 10.3 -5.52474 24.2239 19.7133 -23.9934 6.1257 7.50845 42.3096 -29.3794 1.14879 -9.11729 24.6961 16.2146 12.0271 
1.83845e-06 -0.725181 1221.87 -1.95571 2.20132 -1.00178e+06 165.249 0.610374 0.415093 2.37429 -2.50983 1.77834 -4.87518 -10.7042 -6.98427 -3.26595 0.298277 -4.53535 -2.91588 1.85794 8.76935 6.3275 -18.3659 -8.43933 -18.9612 -52.6409 377.886 -42.4131 -24.4355 -23.0579 -13.762 -10.8345 -10.8412 -9.56124 -10.9098 -9.48224 13.6664 9.9584 1.7539 3.60746 5.15177 7.09735 6.41962 -15.4467 7.28894 -6.64809 -4.11317 4.10428 23.6789 -1.41052 2.41765 -3.7947 6.53915 2.16325 11.63 
3.38995e-06 -2.07904 -230.21 -6.72149 7.54938 -1.15766e+06 228.73 -0.0458123 0.8476 7.52747 -9.93524 5.77573 0.472686 -2.84275 -10.6146 4.55009 4.77999 0.140723 -8.81264 -6.80584 15.3807 12.4584 -11.5738 -13.6798 -10.2161 -29.5465 -42.4131 484.72 -46.6907 -13.9852 -5.58548 -13.1936 -31.2137 -12.6253 -14.7836 -12.3956 21.609 -0.375734 -12.2945 -7.65495 12.2287 6.13066 14.6924 -35.6199 -0.700065 4.87198 -9.76954 2.89664 24.5852 11.0497 2.37715 -4.33851 -3.36971 1.26357 11.666 
4.7655e-06 -1.89111 -961.51 1.76868 -3.05281 438965 101.033 -1.47673 -0.52899 -3.37067 -3.08019 -2.67032 4.06427 6.6903 -10.4229 6.34065 2.49318 5.99079 -0.161524 -5.4581 11.155 5.66504 -4.79218 -19.6156 -9.27884 -11.2669 -24.4355 -46.6907 672.855 -20.6257 -12.652 -14.3687 -27.4911 -0.335446 -19.2311 -3.76227 10.2883 -12.0145 -25.8782 -23.8183 11.4042 2.99138 11.8624 -13.504 -4.54515 -3.82946 -6.91571 4.44364 13.664 10.1411 5.64086 2.89624 -13.2699 -4.53087 14.4105 
9.92884e-06 -1.55117 3316.69 3.14267 -4.54394 437411 76.4778 0.0983446 -1.25064 -14.1463 8.65498 -10.0997 7.99136 14.8414 12.7544 0.637197 -5.20118 0.942278 7.88059 7.74371 2.07508 -11.2185 -9.66355 -9.99233 -19.7089 -21.2826 -23.0579 -13.9852 -20.6257 198.266 -38.862 -21.6323 -2.34224 -1.69305 -0.0126191 19.8634 -7.70061 -3.4388 4.08437 0.833849 0.759258 1.51964 1.47608 16.6538 -16.1097 -40.3853 -7.51101 2.99661 -8.58049 20.2901 15.9722 45.7456 -31.2502 -18.257 30.2186 
-5.02355e-06 -2.08486 -1831.55 4.41037 -5.66762 824673 56.7766 0.794437 -2.22583 -4.36632 -0.841765 5.17392 -1.33968 3.87422 11.4683 10.084 4.52769 0.899284 6.20402 3.64436 -12.6851 -18.252 -15.0694 -14.3188 -15.4201 -4.47958 -13.762 -5.58548 -12.652 -38.862 158.728 -30.9089 -10.1418 -8.93087 22.5625 -20.6544 -6.93113 3.19787 12.4912 13.3894 -2.01047 0.231732 6.7263 -2.76341 -17.8517 19.9699 -0.138032 1.59348 -4.18019 13.5219 -5.96662 -24.0769 -41.9852 -29.1588 17.5596 
-2.08172e-06 -2.91047 1717.63 1.08884 -2.61288 439592 -7.81808 2.01259 -1.19987 -5.01801 7.11393 1.91239 4.15601 1.00246 0.340482 -3.38096 2.22513 6.51678 1.58959 -6.74576 -12.5015 -11.2457 -11.3573 -6.15562 -3.02344 -3.55995 -10.8345 -13.1936 -14.3687 -21.6323 -30.9089 398.993 -28.6089 -33.4651 -30.4022 -13.3575 1.39393 -12.6249 -14.5205 -15.34 1.26681 1.25923 -3.26155 -4.42825 -11.9392 14.2869 2.98523 -0.794998 1.04052 4.75934 -6.81455 -19.7084 -23.1696 -15.8429 7.62785 
1.58712e-06 -3.14053 1124.59 0.689137 -3.17557 1.86669e+06 -51.1032 -1.42008 -1.81299 -13.3419 6.25217 -3.58323 10.0698 9.9461 -10.0077 2.90084 5.25024 14.967 3.79021 -9.06904 -2.45631 -1.53697 -2.98847 -12.1236 1.26099 4.38483 -10.8412 -31.2137 -27.4911 -2.34224 -10.1418 -28.6089 704.775 -4.17533 -47.4826 -9.90109 2.43053 -22.6234 -34.0885 -35.6791 7.68792 3.16375 3.14697 0.867471 -10.2047 7.68604 1.75713 3.47075 11.6233 -0.376745 -2.69501 -18.5428 -22.6087 -5.68741 8.64966 
5.53303e-08 -2.7553 4490.2 -3.41011 2.45181 1.32701e+06 -33.5298 -0.59076 -1.35062 -13.8221 8.90982 -1.17796 9.28141 6.02625 -4.33359 0.443981 5.63525 11.7012 2.02948 -3.03786 -6.44273 -0.30922 -6.64957 6.77232 6.72358 -7.20201 -9.56124 -12.6253 -0.335446 -1.69305 -8.93087 -33.4651 -4.17533 1216.01 -44.5214 -18.2844 -7.8176 -9.71859 16.2931 2.10146 -0.504663 2.70836 1.08435 3.98325 -10.5782 7.67109 2.70613 2.72975 13.427 -2.132 -2.7043 -12.3489 -18.9084 -2.34749 5.31687 
1.03044e-06 -3.4004 8224.49 -1.58549 2.37505 1.99134e+06 -114.416 -0.536977 -1.60036 -23.1891 19.9973 -5.7475 15.0858 4.35182 -13.0622 -11.2096 5.959 15.982 2.12407 -8.38289 -11.806 2.72678 -13.1044 19.6064 25.586 -16.4686 -10.9098 -14.7836 -19.2311 -0.0126191 22.5625 -30.4022 -47.4826 -44.5214 555.883 -18.2064 -10.0713 -18.0847 -30.4572 -25.5603 0.618493 0.657786 -2.83858 12.7681 -10.5776 -1.03797 7.1387 3.70223 18.086 -9.91439 0.309419 -1.93951 -9.40202 1.97624 0.450758 
4.31168e-06 -3.97094 -3562.45 3.26655 -2.75653 947962 70.2523 0.0121972 0.26681 -11.8988 10.567 11.8136 -12.4759 -19.3942 -10.8281 -2.48056 3.00552 1.7688 -0.19372 -6.1755 -13.0879 13.6717 21.1154 4.64834 -3.18683 -13.059 -9.48224 -12.3956 -3.76227 19.8634 -20.6544 -13.3575 -9.90109 -18.2844 -18.2064 135.929 -39.8282 -19.5612 -14.242 -8.91245 -12.9655 -18.9665 -3.01317 1.68985 -3.04331 43.7247 5.89217 3.98472 31.9958 0.850376 6.14309 18.1188 -7.73475 -2.84244 -21.6511 
3.53238e-07 -2.78944 478.427 1.01549 -0.863284 351016 -175.498 -0.0541321 1.18164 -5.86118 -31.2587 -10.4694 9.85895 12.5541 10.0349 9.56536 5.28174 -3.47823 -4.57904 5.23123 14.7822 -0.91391 -13.6072 -0.129794 1.77832 0.124112 13.6664 21.609 10.2883 -7.70061 -6.93113 1.39393 2.43053 -7.8176 -10.0713 -39.8282 95.9713 -36.2184 -23.4978 -16.0718 -22.8689 -9.74616 0.658103 3.06588 1.2467 -22.4235 8.21728 3.69274 13.2312 9.6131 2.3482 -5.95277 -11.7073 21.3171 -7.83764 
-5.2045e-07 -2.20198 246.347 -0.742384 -1.47783 -772474 -60.4154 2.16423 1.3335 0.943575 -11.1086 0.0405491 2.04859 4.8234 -3.36177 1.1338 -1.1033 5.96597 -1.92393 -8.31282 5.18171 -3.37642 10.7108 -22.99 -15.6927 14.65 9.9584 -0.375734 -12.0145 -3.4388 3.19787 -12.6249 -22.6234 -9.71859 -18.0847 -19.5612 -36.2184 526.194 -37.4248 -34.1713 -8.4136 -4.39743 -13.4103 -9.74586 -2.9486 -5.1938 3.11078 -0.743477 1.14115 6.72707 0.400101 -7.8048 -4.46253 5.83299 -0.796136 
6.2435e-08 -2.83248 -967.818 -1.6354 -1.26632 500169 -92.3915 0.0437501 0.233251 -6.1306 -5.59603 -3.06264 5.1298 8.89482 -10.7328 1.9751 1.7128 14.241 2.27695 -7.81091 7.41411 1.5741 9.8057 -18.8881 -6.59529 14.5537 1.7539 -12.2945 -25.8782 4.08437 12.4912 -14.5205 -34.0885 16.2931 -30.4572 -14.242 -23.4978 -37.4248 754.168 -36.865 -5.17289 -0.39606 -10.8274 -9.13048 -4.1065 -5.45585 0.36834 1.61297 7.64758 2.99706 0.931242 -10.844 -7.32531 7.03649 4.43929 
-2.16852e-07 -2.43661 469.029 -5.07938 4.92856 -388399 -77.6372 1.52763 0.783829 -2.60002 -4.90458 1.36857 4.72385 7.08971 -8.70388 0.926989 1.49839 13.931 1.37023 -8.96111 4.28714 -1.21964 13.0342 -20.2383 -10.1922 15.858 3.60746 -7.65495 -23.8183 0.833849 13.3894 -15.34 -35.6791 2.10146 -25.5603 -8.91245 -16.0718 -34.1713 -36.865 702.251 -8.69472 0.355875 -18.3507 -15.5501 -7.69885 -4.25665 -1.87704 -1.31107 2.24236 4.99429 -0.203168 -12.3795 -4.27903 6.0676 7.22179 
3.21651e-06 -1.2775 -2189.32 -1.24563 0.967902 649951 -148.03 -1.46731 -0.493586 -4.24938 8.74068 1.86564 -5.66353 -6.52735 -0.0438082 0.713375 9.23806 20.1901 26.4468 20.8186 3.15209 3.02985 15.3439 11.5352 3.65412 -3.22118 5.15177 12.2287 11.4042 0.759258 -2.01047 1.26681 7.68792 -0.504663 0.618493 -12.9655 -22.8689 -8.4136 -5.17289 -8.69472 270.081 -16.1486 -50.8061 -15.9293 -14.2258 -1.30948 -23.7324 3.86758 -14.602 -3.25454 7.02795 -28.5754 14.9496 3.65029 35.4263 
4.38844e-06 0.00480827 4436.21 -1.32437 0.95967 -75687.2 -92.6731 2.03595 0.298694 22.3596 16.3353 -11.3244 -5.85997 2.36083 7.29567 14.4669 15.5928 12.4562 3.81815 5.40202 22.409 14.3229 2.61537 1.06728 3.54702 10.3 7.09735 6.13066 2.99138 1.51964 0.231732 1.25923 3.16375 2.70836 0.657786 -18.9665 -9.74616 -4.39743 -0.39606 0.355875 -16.1486 190 32.3335 15.5796 -35.2073 11.5426 -21.3492 -4.01223 -21.4849 -15.8513 7.43775 -18.1796 44.2185 -12.3265 36.3708 
4.89339e-06 -1.35908 -4926.31 1.34829 -2.04573 2.00368e+06 -116.384 -2.12173 -2.65076 2.63963 3.1683 6.19729 7.21906 4.58279 0.167461 -11.7511 -8.79488 13.2358 26.7208 18.654 -0.0589013 -0.873534 26.1646 -1.50111 -14.4802 -5.52474 6.41962 14.6924 11.8624 1.47608 6.7263 -3.26155 3.14697 1.08435 -2.83858 -3.01317 0.658103 -13.4103 -10.8274 -18.3507 -50.8061 32.3335 350.476 -26.4835 -10.6667 -0.386957 -9.29533 3.61846 7.38304 -9.32865 9.0034 -10.7335 27.5564 -18.5057 18.7319 
1.19983e-06 -1.67625 -2347.15 0.969435 -1.10289 1.99903e+06 -9.71865 -3.66407 -1.46462 15.5307 -57.2135 47.5247 9.62958 -7.92355 3.92204 20.1133 30.0175 12.2178 -5.86586 -7.8833 11.7889 11.3445 -13.5538 6.9856 23.9663 24.2239 -15.4467 -35.6199 -13.504 16.6538 -2.76341 -4.42825 0.867471 3.98325 12.7681 1.68985 3.06588 -9.74586 -9.13048 -15.5501 -15.9293 15.5796 -26.4835 473.297 -20.1952 -3.34671 -10.1211 6.12554 5.4682 -1.3239 8.71123 -12.3665 11.9771 -6.40558 22.3961 
1.80423e-06 0.00659156 -1943.75 -8.91523 17.464 935104 -119.296 1.29609 -1.11018 -16.2724 19.6486 36.8101 30.3639 23.3555 14.3295 12.8888 10.3768 3.50567 -6.86116 -15.0502 -25.0684 -8.81163 3.17902 7.27339 13.5275 19.7133 7.28894 -0.700065 -4.54515 -16.1097 -17.8517 -11.9392 -10.2047 -10.5782 -10.5776 -3.04331 1.2467 -2.9486 -4.1065 -7.69885 -14.2258 -35.2073 -10.6667 -20.1952 286.3 -27.5425 -3.83544 -3.48755 6.60809 35.3607 -0.560974 1.29846 49.29 -38.5999 25.4985 
-5.34102e-06 0.835691 -175.7 1.11429 -1.36779 55067.1 19.6023 0.412982 2.51232 -38.6549 7.285 41.231 9.63649 -1.01087 -4.44152 -7.36995 -4.55498 -0.112093 1.50968 10.2914 29.6864 34.0958 31.9151 12.1281 -6.14457 -23.9934 -6.64809 4.87198 -3.82946 -40.3853 19.9699 14.2869 7.68604 7.67109 -1.03797 43.7247 -22.4235 -5.1938 -5.45585 -4.25665 -1.30948 11.5426 -0.386957 -3.34671 -27.5425 334.964 20.5767 -5.32853 3.72713 16.1322 -2.99876 -27.9863 -5.8774 -2.43096 22.0024 
-1.49495e-06 0.92773 -2073.36 -0.366509 0.593014 -1.55456e+06 -70.5677 0.558896 2.038 -23.5186 -20.2507 -37.6884 -24.0666 -18.2483 -9.44868 1.64917 10.7458 17.6772 19.4367 15.3651 11.3533 10.7057 7.70885 12.2469 15.0335 6.1257 -4.11317 -9.76954 -6.91571 -7.51101 -0.138032 2.98523 1.75713 2.70613 7.1387 5.89217 8.21728 3.11078 0.36834 -1.87704 -23.7324 -21.3492 -9.29533 -10.1211 -3.83544 20.5767 322.247 -20.4767 4.7885 72.1071 0.668609 17.1297 25.4774 20.5653 34.5675 
2.64477e-06 -8.41362 -431.308 1.20482 -0.781296 -125973 -118.057 5.76122 0.948917 -0.704705 -0.151271 -3.43816 -0.208592 1.17047 2.61831 2.00184 2.53082 4.15631 2.63754 -0.00580126 -0.109688 -1.96407 1.9197 -3.58902 -2.3887 7.50845 4.10428 2.89664 4.44364 2.99661 1.59348 -0.794998 3.47075 2.72975 3.70223 3.98472 3.69274 -0.743477 1.61297 -1.31107 3.86758 -4.01223 3.61846 6.12554 -3.48755 -5.32853 -20.4767 48.1021 44.8138 -15.482 2.32371 -11.5802 -10.6863 2.11055 2.13734 
4.82748e-06 1.1715 3081.97 5.29607 -9.80391 -222580 -18.5699 -1.93102 2.03309 1.92855 21.133 5.16565 -5.05954 0.726793 8.96583 9.8334 16.7847 27.3487 24.3435 8.99545 -17.083 -19.9252 3.62722 8.40284 18.5283 42.3096 23.6789 24.5852 13.664 -8.58049 -4.18019 1.04052 11.6233 13.427 18.086 31.9958 13.2312 1.14115 7.64758 2.24236 -14.602 -21.4849 7.38304 5.4682 6.60809 3.72713 4.7885 44.8138 393.672 -43.0373 9.72441 -17.5775 -54.5303 31.1301 41.7628 
-1.38529e-06 -0.110656 3660.09 0.0712971 0.319824 2.25505e+06 -127.335 -1.90203 -2.78064 44.2203 8.89794 23.22 7.45169 4.16189 5.56555 14.0162 24.522 27.6056 16.2047 11.2175 11.0693 -5.19379 -13.5362 -16.4906 -26.035 -29.3794 -1.41052 11.0497 10.1411 20.2901 13.5219 4.75934 -0.376745 -2.132 -9.91439 0.850376 9.6131 6.72707 2.99706 4.99429 -3.25454 -15.8513 -9.32865 -1.3239 35.3607 16.1322 72.1071 -15.482 -43.0373 281.491 6.54237 19.4004 -37.0476 9.13347 27.6394 
7.61114e-06 -20.2622 750.458 1.64659 -0.293581 1.07794e+06 -112.294 9.07126 0.396854 -12.8599 -5.59093 -1.38098 0.386376 1.15079 3.04187 4.5118 7.05389 8.05009 5.9805 4.23571 6.35894 5.09603 3.98104 -0.974733 -1.6858 1.14879 2.41765 2.37715 5.64086 15.9722 -5.96662 -6.81455 -2.69501 -2.7043 0.309419 6.14309 2.3482 0.400101 0.931242 -0.203168 7.02795 7.43775 9.0034 8.71123 -0.560974 -2.99876 0.668609 2.32371 9.72441 6.54237 42.5801 11.0153 1.54813 0.699728 5.67591 
3.76028e-06 -4.96755 3116.61 -1.17809 2.16462 -1.48331e+06 40.906 4.35266 1.79127 39.9552 40.2549 21.9947 -5.7191 -10.4517 -11.3252 -17.514 -19.1325 -17.7453 -4.69825 2.27625 4.27513 -4.13748 -15.1014 -7.06099 -4.22751 -9.11729 -3.7947 -4.33851 2.89624 45.7456 -24.0769 -19.7084 -18.5428 -12.3489 -1.93951 18.1188 -5.95277 -7.8048 -10.844 -12.3795 -28.5754 -18.1796 -10.7335 -12.3665 1.29846 -27.9863 17.1297 -11.5802 -17.5775 19.4004 11.0153 252.68 -11.5108 12.703 -3.00559 
7.79638e-06 -5.07699 388.251 -3.65436 8.72898 1.34876e+06 237.973 -2.49604 -0.686548 -2.71188 8.02873 -5.16914 -4.52893 -3.7133 -3.44518 2.55786 6.90208 12.1307 16.5856 16.0515 19.0441 26.404 26.9415 24.3884 30.6272 24.6961 6.53915 -3.36971 -13.2699 -31.2502 -41.9852 -23.1696 -22.6087 -18.9084 -9.40202 -7.73475 -11.7073 -4.46253 -7.32531 -4.27903 14.9496 44.2185 27.5564 11.9771 49.29 -5.8774 25.4774 -10.6863 -54.5303 -37.0476 1.54813 -11.5108 230.428 6.20257 -6.91352 
-5.4854e-06 0.635259 -572.898 5.1269 -8.65196 3.31538e+06 135.465 -2.22776 -8.15247 31.7794 22.9558 4.49268 15.3356 18.2591 9.4013 -6.69444 -20.9361 -20.8558 -5.45163 10.0319 34.23 33.5422 23.9754 16.9699 17.4649 16.2146 2.16325 1.26357 -4.53087 -18.257 -29.1588 -15.8429 -5.68741 -2.34749 1.97624 -2.84244 21.3171 5.83299 7.03649 6.0676 3.65029 -12.3265 -18.5057 -6.40558 -38.5999 -2.43096 20.5653 2.11055 31.1301 9.13347 0.699728 12.703 6.20257 313.754 -26.0685 
-1.59975e-07 0.62008 -697.108 0.901146 -1.82475 34824.1 191.983 -0.518953 -1.34861 19.6183 1.60608 -4.36621 3.54298 3.87391 -1.98445 -17.203 -32.6167 -42.0338 -32.3515 -15.8017 3.42765 10.56 8.41408 4.82021 5.89145 12.0271 11.63 11.666 14.4105 30.2186 17.5596 7.62785 8.64966 5.31687 0.450758 -21.6511 -7.83764 -0.796136 4.43929 7.22179 35.4263 36.3708 18.7319 22.3961 25.4985 22.0024 34.5675 2.13734 41.7628 27.6394 5.67591 -3.00559 -6.91352 -26.0685 353.397 
*end

*selectivity[krillFSel]
a50: 31.4829 
alpha: 1 
ato95: 2.50505e-05 
intervals: 5 
label: krillFSel 
length_based: 1 
type: logistic 
Values {vector}
2 0
4 0
6 0
8 0
10 0
12 0
14 0
16 0
18 0
20 0
22 0
24 0
26 0
28 0
30 0
32 1
34 1
36 1
38 1
40 1
42 1
44 1
46 1
48 1
50 1
52 1
54 1
56 1
58 1
60 1
62 1
64 1
*end

*selectivity[FbiomSel]
a50: 0.359415 
alpha: 1 
ato95: 8.08339 
intervals: 5 
label: FbiomSel 
length_based: 1 
type: logistic 
Values {vector}
2 0.645106
4 0.790197
6 0.886414
8 0.941758
10 0.971018
12 0.985799
14 0.993096
16 0.996656
18 0.998383
20 0.999219
22 0.999623
24 0.999818
26 0.999912
28 0.999958
30 0.99998
32 0.99999
34 0.999995
36 0.999998
38 0.999999
40 0.999999
42 1
44 1
46 1
48 1
50 1
52 1
54 1
56 1
58 1
60 1
62 1
64 1
*end

*selectivity[AMLR_Sel]
a50: 1.97842e-12 
alpha: 1 
ato95: 2.6973e-07 
intervals: 5 
label: AMLR_Sel 
length_based: 1 
type: logistic 
Values {vector}
2 1
4 1
6 1
8 1
10 1
12 1
14 1
16 1
18 1
20 1
22 1
24 1
26 1
28 1
30 1
32 1
34 1
36 1
38 1
40 1
42 1
44 1
46 1
48 1
50 1
52 1
54 1
56 1
58 1
60 1
62 1
64 1
*end

*selectivity[trawlSel]
a50: 48.7635 
alpha: 1 
ato95: 20.1566 
intervals: 5 
label: trawlSel 
length_based: 1 
type: logistic 
Values {vector}
2 0.00107849
4 0.0014439
6 0.00193289
8 0.00258705
10 0.00346182
12 0.00463102
14 0.00619265
16 0.0082765
18 0.0110538
20 0.0147491
22 0.0196553
24 0.0261502
26 0.0347153
28 0.0459533
30 0.0606009
32 0.0795282
34 0.103714
36 0.134184
38 0.171888
40 0.217525
42 0.271308
44 0.332736
46 0.400428
48 0.472147
50 0.545035
52 0.616043
54 0.682426
56 0.742136
58 0.794008
60 0.837727
62 0.873644
64 0.902536
*end

*catchability[__synop_biomass_q__]
q: 1
*end

*catchability[__AMLR_q__]
q: 3.46017
*end

*catchability[__FsrvBiomass_q__]
q: 1.03021
*end

*derived_quantity[SSB]
SSB {list}
type: biomass
initialisation_phase[1]: 3.04166e+06 
values {vector}
1976 3.02704e+06
1977 2.95827e+06
1978 2.86906e+06
1979 2.82517e+06
1980 2.7873e+06
1981 2.70065e+06
1982 2.51591e+06
1983 2.4262e+06
1984 2.57919e+06
1985 2.96479e+06
1986 3.19287e+06
1987 3.08689e+06
1988 2.96083e+06
1989 2.99146e+06
1990 3.10904e+06
1991 3.05799e+06
1992 3.07534e+06
1993 3.40547e+06
1994 3.53949e+06
1995 3.17366e+06
1996 2.72083e+06
1997 2.96569e+06
1998 3.6763e+06
1999 3.82705e+06
2000 3.15509e+06
2001 2.30899e+06
2002 2.06218e+06
2003 2.82963e+06
2004 3.95142e+06
2005 4.06991e+06
2006 3.20463e+06
2007 2.46551e+06
2008 2.62851e+06
2009 3.17409e+06
2010 3.26585e+06
2011 2.9425e+06
2012 2.79687e+06
2013 2.73076e+06
2014 2.81066e+06
2015 3.14584e+06
2016 3.21827e+06
2017 3.08064e+06
2018 3.24044e+06
2019 3.22627e+06
2020 2.97886e+06
2021 2.7866e+06
2022 2.71607e+06
2023 2.8271e+06
2024 2.80555e+06
2025 2.40222e+06
2026 1.98178e+06
2027 2.28004e+06
2028 2.96362e+06
2029 3.03506e+06
2030 2.34707e+06
